0	C	0	0	(0 111	)	111	/	(1)
0	C	12	0	(2 111	3 101	)	001	root	(2)
1	C	3	0	(3 111	5 101	)	000	cat1	(3)
1	C	4	0	(4 101	5 100	)	101	cat2	(4)
1	C	0	0	(2 111	3 110	)	001	cat3	(5)
1	F	5	0	(3 111	6 101	)	001	file1	(MAIN 0	EXMAIN 6	)	12 1 2018	0 0 0	24 10 2019	1 0 0
1	C	0	0	(2 111	3 101	)	001	cat4	(6)
2	C	3	0	(3 111	5 100	)	000	cat5	(7)
2	F	2	0	(4 111	5 101	)	001	file2	(MAIN 1	)	12 12 2019	12 0 0	24 12 2019	11 0 0
2	F	2	0	(3 111	6 101	)	001	file3	(MAIN 2	)	9 2 2019	5 30 0	14 7 2019	7 15 50
3	F	1	0	(4 111	5 101	)	001	file4	(MAIN 3	)	12 12 2019	12 30 0	24 12 2019	11 0 0
3	F	1	0	(4 111	6 101	)	001	file5	(MAIN 4	)	19 12 2019	15 30 0	31 12 2019	17 15 30
3	F	1	0	(3 111	4 101	)	001	file6	(MAIN 5	)	9 4 2019	13 30 0	14 7 2019	22 15 50
