0	C	17	0	(2 111	3 101	)	111	/	(1)
1	C	3	2	(3 111	5 101	)	000	cat1	(2)
1	C	4	6	(4 101	5 100	)	101	cat2	(3)
1	F	5	2	(3 111	6 101	)	001	file1	(MAIN 0	EXMAIN 6	)	12 1 2018	0 0 0	24 10 2019	1 0 0
2	F	5	2	(3 111	6 101	)	001	file1_copied	(MAIN 1	)	10 12 2019	16 30 1	10 12 2019	16 30 1
2	C	0	5	(2 111	3 110	)	001	cat3	(4)
2	C	0	3	(2 111	3 101	)	001	cat4	(5)
3	C	3	2	(3 111	5 100	)	000	cat5	(6)
3	F	2	6	(4 111	5 101	)	001	file2	(MAIN 1	)	12 12 2019	12 0 0	24 12 2019	11 0 0
4	F	2	0	(3 111	6 101	)	001	file3	(MAIN 2	)	9 2 2019	5 30 0	14 7 2019	7 15 50
4	F	1	3	(4 111	5 101	)	001	file4	(MAIN 3	)	12 12 2019	12 30 0	24 12 2019	11 0 0
4	F	1	3	(4 111	6 101	)	001	file5	(MAIN 4	)	19 12 2019	15 30 0	31 12 2019	17 15 30
4	F	1	0	(3 111	4 101	)	001	file6	(MAIN 5	)	9 4 2019	13 30 0	14 7 2019	22 15 50
