0	C	12	0	(2 111	3 101)	001	root	(1)
1	C	3	2	(3 111	5 101)	000	cat1	(2)
1	C	4	6	(4 101	5 100)	101	cat2	(3)
1	C	0	5	(2 111	3 110)	001	cat3	(4)
1	F	5	2	(3 111	6 101)	001	file1	(MAIN 0 EXMAIN 6)	00 00 00 12 01 2018	01 00 00 24 10 2019
2	C	0	3	(2 111	3 101)	001	cat4	(5)
2	C	3	2	(3 111	5 100)	000	cat5	(6)
3	F	2	6	(4 111	5 101)	001	file2	(MAIN 1)	12 00 00 12 12 2019	11 00 00 24 12 2019
3	F	2	4	(3 111	6 101)	001	file3	(MAIN 2)	05 30 00 9 02 2019	07 15 50 14 07 2019
4
5
6	F	1	3	(4 111	5 101)	001	file4	(MAIN 3)	12 30 00 12 12 2019	11 00 00 24 12 2019
6	F	1	3	(4 111	6 101)	001	file5	(MAIN 4)	15 30 00 19 12 2019	17 15 30 31 12 2019
6	F	1	0	(3 111	4 101)	001	file6	(MAIN 5)	13 30 00 9 04 2019	22 15 50 14 07 2019